12.2462770861162
15.1039798699574
13.1132533875937
13.4630249031398
17.4064280018976
11.8848901360188
14.5342733604896
13.0310321172779
18.1867472719424
15.4014963383444
19.1138663591965
19.7489489645665
12.1255926441893
13.7940469988131
13.624495977006
17.3408640571238
16.3384797948963
12.7674491349125
17.6884107300691
12.0777585642252
14.3422663124942
14.7410450778298
17.1383567382812
17.7543937927497
30.3657580858656
13.4321561438161
15.0399190218763
17.031814191501
20.2929737950902
13.856558881156
18.8071663886196
20.7682899745743
12.5710625792579
12.7837179294322
12.486736966569
12.0919479492446
12.0264637744862
14.6918811778702
27.1230799424341
14.6127967604507
14.5148809298254
21.0379996891103
20.8295404116877
11.8416990616038
14.8056668914467
12.4450880596707
11.830630194939
20.6117609688119
12.9623538920417
15.1928566247338
14.6523238175763
13.0218847636817
17.2355279411499
13.5541614433859
16.7881919067586
16.7501587353863
15.2741229716625
20.5991650322677
14.5376549064783
11.8330808330805
22.0341896951817
16.9191572923315
17.0463527456602
17.1422998725547
13.1992733382425
17.6809595254496
12.6544280771357
12.909805628683
14.7862324375006
14.6205262580037
15.8320593202098
13.8829906860018
18.8300141292403
12.1031869291068
12.3804584357072
17.7806277401729
11.9925134631715
12.0035254575116
14.7657714263208
12.6028846654472
13.0354104453906
13.5666871690327
12.8541316837312
14.8824616926814
13.8279835448555
12.2203948865862
24.2467061310432
28.5801609516607
12.1897915292629
13.3868852280244
13.2387511396451
12.0462919118862
11.7973686031439
19.6683441329897
15.0600149533831
16.4524658497656
21.7944033397913
14.762530032961
12.5590257790817
15.7683667654482
